structure(list(Id = c(238247, 1194780, 238247, 221721, 221721, 
238247, 221721, 1226668, 1191417, 1191417, 1191417, 1326693, 
1501635, 1664792, 2459789, 1493147, 1326693, 1721884, 1069465, 
1659956, 1637606, 1721884, 1219101, 1364403, 2459789, 1721884, 
1721884, 1721884, 1773005, 1721884, 1721884, 1321141, 1721884, 
1721884, 1493147, 1766239, 1721884, 1718969, 1219101, 1766239, 
1721884, 1659956, 221721, 1721884, 1659956, 1659956, 1650570, 
1659956, 1721884, 1718969, 1659956, 1721884, 1721884, 1837258, 
1659956, 1659956, 2459789, 1659956, 1659956, 1659956, 1659956, 
1659956, 1773005, 1659956, 1659956, 298447, 798862, 1659956, 
1659956, 1659956, 760252, 1176641, 1707337, 221721, 1718969, 
1707337, 1650570, 2358904, 1707337, 2459789, 2457053, 2135670, 
1707337, 1983311, 1560159, 1773005, 2135670, 1659956, 1983311, 
2459789, 1659956, 2351183, 1983311, 2458715, 1718969, 1773005, 
1659956, 2527470, 2527470, 1707337, 1773005, 1642476, 1773005, 
1659956, 1707337, 1707337, 2527465, 1773005, 2457053, 2528805, 
2527465, 2527465, 2458715, 2527465, 2527470, 1707337, 2351183, 
1773005, 1983311, 1983311, 2527465, 2457053, 1773005, 2457053, 
2458715, 1707337, 1773005, 2457053, 2446941, 2527465, 1707337, 
2637932, 2527465, 2457053, 1718969, 2637932, 2527465, 1707337, 
2527465, 2696944, 2527470, 2637932, 1837258, 2527465, 1773005, 
2458715, 2527465, 2527465, 1718969, 2527465, 2527470, 1718969, 
1837258, 1191417, 2527465, 1773005, 1792011, 1560159, 2535561, 
2527465, 1773005, 1718969, 2527465, 1659956, 2527465, 1659956, 
2527465, 1718969, 1707337, 2527465, 1773005, 2458715, 2527465, 
2527465, 1659956, 2346682, 2527465, 2859079, 1718969, 2458715, 
1707337, 1707337, 2457053, 2527465, 2527465, 2527465, 2859079, 
1773005, 2711556, 2862894, 2527465, 2527465, 2458715, 2458715, 
1773005, 1659956, 2527465, 2527465, 1773005, 1773005, 2458715, 
2457053, 1773005, 2707864, 2708621, 2584920, 2859079, 1773005, 
2458715, 1773005, 2681631, 2859079, 2527465, 1773005, 1718969, 
2681631, 1659956, 1773005, 1773005, 1773005, 1659956, 2135670, 
2681631, 2997850, 2997850, 2859079, 2135670, 2997850, 238247, 
1659956, 953213, 1659956, 2135670, 1642476, 1659956, 1659956, 
1983311, 1659956, 1659956, 1704725, 1659956, 2997850, 2859079, 
2997850, 3049052, 1659956, 1659956, 1659956, 1659956, 2135670, 
1659956, 3014583, 2997850, 1659956, 2135670, 2997850, 2859079, 
1659956, 2859079, 1659956, 1659956, 1927579, 2135670, 1659956, 
2135670, 1718969, 2459789, 1326693, 2859079, 1718969, 1659956, 
1659956, 2862894, 2997850, 1659956, 2862894, 1659956, 1659956, 
1659956, 1501635, 2859079, 1642476, 1642476, 1718969, 2363962, 
2859079, 3449261, 2859079, 2859079, 2859079, 1718969, 2458715, 
2527465, 1718969, 2527465, 1718969, 2527465, 2527465, 1718969, 
2458715, 1766239, 2363962, 1718969, 1659956, 3614403, 2859079, 
3614403, 1659956, 2681631, 2599126, 3614403, 2759375, 2527465, 
2759375, 2527660, 2527465, 2444848, 1659956, 3616024, 3616024, 
2527465, 1659956, 2859079, 2681631, 2859079, 1659956, 1718969, 
2458715, 2527660, 3661349, 1659956, 2527465, 1707337, 1659956, 
1642476, 1718969, 2997850, 2711556, 2527465, 2527660, 3538672, 
3116905, 2527660, 3538672, 2527465, 2997850, 1642476, 2681631, 
2997850, 1642476, 2681631, 2527660, 2711556, 3449261, 2859079, 
1501635, 2599126, 2527660, 3116905, 3789218, 1659956, 2997850, 
3518931, 2127416, 1659956, 1659956, 3843835, 3843769, 1501635, 
1206495, 2708621, 2707864, 3538672, 3661349, 2527660, 2997850, 
2997850, 1659956, 3538672, 1493147, 1560159, 1718969, 1659956, 
1659956, 3764960, 1659956, 1659956, 1560159, 3870437, 1718969, 
2997850, 1718969, 1659956, 1659956, 3449261, 1766239, 1718969, 
3514680, 4006428, 3983895, 1766239, 1560159, 2527465, 3286466, 
3116905, 2527465, 1875735, 1766239, 1718969, 1701098, 3014583, 
1718969, 1718969, 3983895, 3514680, 1560159, 2997850, 2599126, 
2599126, 1560159, 3334421, 2997850, 2444848, 1659956, 1718969, 
1707337, 1659956, 4221315, 4053018, 1660710, 2444848, 2653604, 
1501635, 1718969, 1659956, 2997850, 2444848, 1660710, 2653604, 
2862894, 1659956, 2444848, 1659956, 1660710, 2459789, 1718969, 
2444848, 1660710, 2835753, 4220089, 1659956, 2859079, 2444848, 
1660710, 2459789, 1659956, 1550793, 1766239, 860627, 3448205, 
1659956, 2599126, 2444848, 1560159, 2139963, 1766239, 1016133, 
3417965, 1659956, 2444848, 1501635, 2444848, 880839, 2900420, 
2444848, 3417965, 2859079, 3538672, 1660710, 2653604, 4220089, 
1659956, 2444848, 2579888, 1660710, 2527465, 2681631, 2444848, 
1659956, 1659956, 1660710, 1660710, 1501635, 2444848, 2681631, 
4220089, 1659956, 1773005, 2135670, 2444848, 2653604, 3417965, 
2135670, 3538672, 2681631, 2444848, 3661349, 1659956, 2135670, 
2681631, 1718969, 1718969, 2681631, 2859079, 2681631, 2444848, 
1659956, 2653604, 2444848, 1659956, 1659956, 1773005, 1642042, 
3764960, 1659956, 2653604, 2444848, 2681631, 1659956, 2653604, 
2681631, 1659956, 2653604, 3417965, 1659956, 4220089, 1718969, 
221721, 1659956, 2444848, 2681631, 1659956, 2653604, 2681631, 
4410958, 4410958, 4220089, 1718969, 2444848, 2681631, 3417965, 
2653604, 2681631, 4331834, 2653604, 1501635, 1501635, 3417965, 
4410958, 4220089, 1659956, 2444848, 2653604, 1659956, 2444848, 
2653604, 5287174, 2527465, 2527465, 221721, 2444848, 2653604, 
5287174, 4220089, 1659956, 2444848, 2653604, 2444848, 2653604, 
1659956, 2681631, 1659956, 2653604, 5263609, 1660710, 2681631, 
2444848, 2653604, 2491597, 4220089, 2444848, 2653604, 2458715, 
2585485, 2586357, 1659956, 2444848, 3181542, 2681631, 1718969, 
1659956, 2653604, 2459789, 2459789, 3538672, 1659956, 1718969, 
2653604, 4220089, 4410958, 1659956, 1659956, 2653604, 2459789, 
2527465, 1718969, 3181542, 2653604, 1659956, 2444848, 4410958, 
2135670, 3521734, 2459789, 2305369, 1324576, 1374265, 5905423, 
860627, 5036090, 2135670, 2586669, 3538672, 2459789, 4410958, 
1560159, 4005673, 1659956, 2527465, 2527465, 1659956, 2653604, 
1718969, 2132361, 2527465, 5720612, 2653604, 4005673, 1659956, 
2653604, 2444848, 2444848, 1659956, 2653604, 2132361, 4220089, 
2653604, 1659956, 2444848, 2653604, 2586669, 1659956, 1659956, 
2586669, 2586669, 3538672, 3514680, 1718969, 163591, 798862, 
2653604, 3782643, 1718969, 2444848, 2444848, 2653604, 4410958, 
1560159, 1718969, 2458715, 2444848, 2653604, 2444848, 2653604, 
2600124, 880839, 953213, 6406612, 4410958, 3417965, 2459789, 
4410958, 1718969, 4410958, 1501635, 1766239, 4410958, 2579888, 
1920527, 1505439, 5244037, 1803556, 1747700, 2632660, 4463102, 
2527465, 5720612, 2444848, 2459789, 3538672, 4410958, 2459789, 
2653604, 3428276, 1927579, 2653604),