structure(list(Id = c(56155, 56155, 238247, 238247, 238247, 238247, 
238247, 1016133, 1208776, 1185626, 1206495, 1325088, 1325088, 
1191417, 1191417, 1191417, 1456427, 1642352, 1493147, 1642352, 
1372315, 1616241, 1069465, 547239, 1748121, 1248503, 1766239, 
1773005, 1781166, 1248503, 1766239, 1718969, 1372315, 1766239, 
1248503, 1616241, 1372315, 1616241, 1718969, 1616241, 1616241, 
1773005, 1616241, 1718969, 760252, 1176641, 1707337, 1616241, 
1794687, 1707337, 2180225, 1707337, 2135670, 1707337, 1773005, 
1773005, 2458715, 1773005, 2527470, 1773005, 1773005, 1707337, 
2457053, 1773005, 2527465, 2527465, 2527470, 2458715, 1707337, 
1291750, 1773005, 2527465, 2457053, 2458715, 1773005, 2458715, 
2585485, 1718969, 1185626, 2458715, 1718969, 1773005, 1718969, 
1773005, 1707337, 1773005, 1718969, 1659956, 2527470, 1718969, 
2458715, 2527465, 1718969, 2527465, 1616241, 1773005, 1707337, 
1773005, 2527465, 2527465, 2458715, 1773005, 1773005, 2457053, 
1773005, 1773005, 2527465, 1773005, 1773005, 2681631, 1185626, 
1773005, 1773005, 238247, 2516066, 1185626, 2444848, 2759375, 
1185626, 1659956, 2759375, 1210823, 1659956, 1707337, 1659956, 
1659956, 1659956, 3277085, 1718969, 1718969, 3383543, 1707337, 
1659956, 1718969, 587472, 2527465, 587472, 587472, 587472, 587472, 
587472, 1718969, 2527465, 1718969, 1718969, 1095828, 3583349, 
3366940, 1718969, 3616024, 2585485, 1766239, 2363962, 3277085, 
1718969, 3366940, 56155, 2527660, 3687410, 2527465, 1616241, 
3687410, 1718969, 2527660, 2458715, 3687410, 2453843, 1153262, 
1659956, 1718969, 1372315, 3538672, 3116905, 2527660, 3538672, 
3687410, 2859079, 3687410, 3277085, 3583348, 3687410, 1372315, 
3604583, 2527660, 3116905, 3604583, 3277085, 3687410, 3583348, 
1659956, 3552335, 3583348, 2653604, 3583348, 2759375, 3583348, 
1659956, 2527660, 3583348, 3538672, 1718969, 1707337, 1659956, 
3764960, 3929698, 3557634, 1560159, 1718969, 3687410, 1718969, 
3521734, 3583348, 3870437, 3583348, 1766239, 1718969, 3514680, 
1560159, 1766239, 2527465, 3116905, 3870437, 1875735, 1766239, 
1718969, 3277085, 3983895, 1718969, 3983895, 1718969, 3871206, 
3983895, 3521734, 1718969, 1718969, 1659956, 2708621, 2707864, 
2835753, 2637589, 1550793, 2599126, 3514680, 3521734, 1550793, 
2599126, 1501635, 1550793, 1372315, 3277085, 2579888, 3277085, 
1616241, 4294978, 1564139, 1095828, 1781166, 1773005, 3277085, 
3116905, 3871206, 3538672, 2681631, 1095828, 1659956, 1718969, 
1718969, 3686992, 3686992, 1095828, 4414310, 3686992, 1659956, 
2653604, 3116905, 1781166, 1773005, 1616241, 1550793, 1718969, 
3277085, 1659956, 2653604, 3277085, 1718969, 2653604, 1968275, 
1372315, 2681631, 1659956, 1718969, 3538672, 1718969, 3686992, 
1372315, 1718969, 3514680, 4460507, 3521734, 2637589, 3538672, 
5024467, 1768798, 1718969, 3116905, 4466045, 2527465, 5720612, 
1659956, 2653604, 3116905, 2653604, 1659956, 1616241, 5494509, 
4001012, 5797521, 1718969, 1718969, 3383543, 1372315, 1550793, 
1768798, 1768798, 3538672, 2653604, 1718969, 2527465, 5720612, 
2458715, 2444848, 5036090, 6127817, 5036090, 6127817, 1768798, 
6127817, 1718969, 5036090, 1766239, 1616241, 3782643, 1920527, 
2632660, 1803556, 1372315, 5036090, 6127817, 3538672, 5036090, 
6127817, 5036090, 1768798, 5036090, 6127817, 1616241, 6127817, 
1768798, 2444848, 1372315, 5494509), Name = structure(c(91L, 
91L, 8L, 8L, 8L, 8L, 8L, 49L, 16L, 29L, 2L, 20L, 20L, 72L, 72L, 
72L, 92L, 48L, 22L, 48L, 12L, 18L, 85L, 44L, 57L, 46L, 13L, 1L, 
89L, 46L, 13L, 55L, 12L, 13L, 46L, 18L, 12L, 18L, 55L, 18L, 18L, 
1L, 18L, 55L, 25L, 35L, 27L, 18L, 14L, 27L, 70L, 27L, 51L, 27L, 
1L, 1L, 50L, 1L, 33L, 1L, 1L, 27L, 76L, 1L, 78L, 78L, 33L, 50L, 
27L, 56L, 1L, 78L, 76L, 50L, 1L, 50L, 60L, 55L, 29L, 50L, 55L, 
1L, 55L, 1L, 27L, 1L, 55L, 5L, 33L, 55L, 50L, 78L, 55L, 78L, 
18L, 1L, 27L, 1L, 78L, 78L, 50L, 1L, 1L, 76L, 1L, 1L, 78L, 1L, 
1L, 45L, 29L, 1L, 1L, 8L, 30L, 29L, 28L, 6L, 29L, 5L, 6L, 65L, 
5L, 27L, 5L, 5L, 5L, 21L, 55L, 55L, 77L, 27L, 5L, 55L, 86L, 78L, 
86L, 86L, 86L, 86L, 86L, 55L, 78L, 55L, 55L, 40L, 61L, 73L, 55L, 
87L, 60L, 13L, 75L, 21L, 55L, 73L, 91L, 68L, 42L, 78L, 18L, 42L, 
55L, 68L, 50L, 42L, 84L, 81L, 5L, 55L, 12L, 63L, 38L, 68L, 63L, 
42L, 26L, 42L, 21L, 62L, 42L, 12L, 54L, 68L, 38L, 54L, 21L, 42L, 
62L, 5L, 4L, 62L, 17L, 62L, 6L, 62L, 5L, 68L, 62L, 63L, 55L, 
27L, 5L, 37L, 15L, 52L, 69L, 55L, 42L, 55L, 32L, 62L, 93L, 62L, 
13L, 55L, 67L, 69L, 13L, 78L, 38L, 93L, 80L, 13L, 55L, 21L, 9L, 
55L, 9L, 55L, 19L, 9L, 32L, 55L, 55L, 5L, 3L, 39L, 83L, 59L, 
43L, 53L, 67L, 32L, 43L, 53L, 94L, 43L, 12L, 21L, 64L, 21L, 18L, 
10L, 71L, 40L, 89L, 1L, 21L, 38L, 19L, 63L, 45L, 40L, 5L, 55L, 
55L, 41L, 41L, 40L, 36L, 41L, 5L, 17L, 38L, 89L, 1L, 18L, 43L, 
55L, 21L, 5L, 17L, 21L, 55L, 17L, 7L, 12L, 45L, 5L, 55L, 63L, 
55L, 41L, 12L, 55L, 67L, 90L, 32L, 59L, 63L, 95L, 11L, 55L, 38L, 
47L, 78L, 88L, 5L, 17L, 38L, 17L, 5L, 18L, 82L, 31L, 74L, 55L, 
55L, 77L, 12L, 43L, 11L, 11L, 63L, 17L, 55L, 78L, 88L, 50L, 28L, 
34L, 23L, 34L, 23L, 11L, 23L, 55L, 34L, 13L, 18L, 24L, 79L, 66L, 
58L, 12L, 34L, 23L, 63L, 34L, 23L, 34L, 11L, 34L, 23L, 18L, 23L, 
11L, 28L, 12L, 82L), .Label = c("Agn<U+00e8>s Verr<U+00fc>ckt", 
"Agustin Navarro", "Alejandro Pardo Rodriguez", "Alejandro Sosa ", 
"Alexander Veliz", "Alx Rys Blz", "Andr<U+00e9>s Camino", "Andres Izarra", 
"Aquiles Bailo", "Benito P<U+00e9>rez", "C Lemon", "Carlos Jugo", 
"carlos moret", "carolina white", "Choo Li", "Cristina Matheus", 
"Dex !", "Dj Juanko's Jc", "Dnz 2806", "Edgar Lamela", "Ernesto Rodr<U+00ed>guez", 
"Eugenio Gonzalez Herrera", "Eugenio Pernia", "Gabriel Ramirez", 
"Gerardo Guerra", "Gilberto Azuaje", "Gunther Moreno", "Gustavo Daboin @gusdabo", 
"harold kohn", "Igor Escalona", "Ivan Polania", "Jes<U+00fa>s Berm<U+00fa>dez", 
"Jhanan Naime", "Johan Mart<U+00ed>nez", "Jollmark Sanchez", 
"Jonathan Agoglitta", "jorge enrrique montilla romero", "Jorge Luis Colina Medina", 
"Jorge Luis Pardo Rodriguez", "Jos<U+00e9> E. Teixeira", "jose daniel sanchez", 
"Joseph Sanchez", "JOSS Dj", "Juan E. Serrano", "Juan Gomez", 
"Juan Pablo Raba", "Juan Rojas", "Juan Silva", "Juan Valdez", 
"Karen Montoya Vidal", "Leonardo Pe<U+00f1>a", "Lester Cantillo", 
"Leydi Monterola", "Luis Galavis", "luis graffe", "Luis Guevara", 
"Luis Joves", "Luis Ramos Zibert", "Luis Taboada", "Luiso Jipi", 
"Manuel Davoin", "Manuel Davoin ", "Manuel Mijares", "Manuel Rojas", 
"maria ines calatroni", "Martin Aguirre", "Max Ruta", "mena carrasco", 
"Miguel Angel Robles", "Miguel Nieto", "Miguel Robles", "Miguel Viamonte", 
"Mike Ponte", "Mildred Dulcey", "Nelson Calvet", "Nestor Delgado", 
"OZ G", "Pedro Villarroel", "Raul Keller", "Richard Vila", "Roberto Alvarado", 
"Ronald Mora G8", "Saul Colmenares Torin", "Sebastian Suarez D'Addario", 
"To<U+00f1>o Marcano", "vero morales", "victor escribens", "Victoria Skwierinski", 
"Vito S", "W. .", "Wilmer Carrero", "Wimin Hung", "Yesenia Eleonor", 
"Zacarias Aranguren", "Zandy Amaya"), class = "factor"),