structure(list(Id = c(547239, 788237, 791174, 294429, 1322382, 
788237, 791174, 791174, 294429, 1322382, 294429, 1322382, 791174, 
791174, 294429, 1322382, 788237, 791174, 788237, 1194780, 788237, 
294429, 294429, 1322382, 294429, 1322382, 788237, 294429, 1322382, 
788237, 788237, 547239, 294429, 1322382, 1194780, 1052588, 1052588, 
1052588, 56155, 810417, 294429, 294429, 1322382, 788237, 56155, 
294429, 294429, 1322382, 1637684, 1052588, 1052588, 238247, 788237, 
1052588, 238247, 1190988, 1190988, 1190988, 1052588, 1052588, 
1052588, 1190988, 1190988, 238247, 1190988, 1190988, 294429, 
294429, 1322382, 1052588, 1194780, 294429, 182513, 1190988, 1637684, 
1190988, 322861, 1052588, 1052588, 294429, 810417, 294429, 810417, 
1322382, 1190988, 294429, 810417, 791174, 294429, 1322382, 810417, 
1190988, 1190988, 791174, 182513, 1052588, 238247, 1052588, 238247, 
1190988, 550657, 1190988, 1190988, 1052588, 1190988, 1190988, 
238247, 1190988, 238247, 4880375, 1190988, 1190988, 485848, 788237, 
1052588, 893041, 1051194, 1190988, 1052588, 1153289, 795921, 
294429, 18185, 788237, 294429, 1322382, 1052588, 1208776, 781737, 
1322382, 1226668, 1052588, 795921, 1285963, 1052588, 1052588, 
1322382, 791174, 1285963, 1226668, 1206495, 1322382, 1285963, 
1191417, 1191417, 788237, 294429, 788237, 294429, 485848, 1326693, 
1326693, 294429, 485848, 294429, 1285963, 1191417, 1285963, 1052588, 
485848, 1325870, 485848, 788237, 485848, 182513, 1153289, 795921, 
485848, 953213, 176941, 953213, 1052588, 1285963, 1052588, 1326693, 
1052588, 1098618, 1221531, 1140062, 1206495, 1326693, 1493147, 
1285963, 1052588, 1190988, 1052588, 953213, 294429, 294429, 1326693, 
322861, 1326693, 1069465, 294429, 780732, 294429, 1748121, 1285963, 
56155, 1748121, 547239, 294429, 1748121, 294429, 485848, 780732, 
1176641, 2022252, 1326693, 1696740, 1052588, 1647144, 1338561, 
1285963, 1052588, 1052588, 1616241, 1766239, 1052588, 1773005, 
1550793, 1052588, 1896958, 294429, 18185, 294429, 795921, 1285963, 
1894448, 1190988, 1080811, 1766239, 1616241, 1894448, 795921, 
1718969, 2235473, 1616241, 1190988, 1190988, 1896958, 1616241, 
781594, 1190988, 1610216, 1610216, 1718969, 1616241, 1372315, 
2062033, 294429, 1616241, 1095828, 1773005, 1718969, 1322382, 
1153289, 1707337, 1153289, 1052588, 1052588, 1326693, 1794687, 
1896958, 1100532, 1285963, 1707337, 2371022, 163591, 1718969, 
1707337, 2180225, 2293070, 1153289, 1707337, 2457053, 2135670, 
1707337, 1773005, 2135670, 1153289, 795921, 1285963, 1773005, 
2458715, 1773005, 2527470, 2371022, 1052588, 2527470, 1726841, 
795921, 1285963, 1707337, 1773005, 1773005, 1707337, 2457053, 
1773005, 2528805, 2527465, 1322382, 1726841, 1153289, 2527465, 
2458715, 2527470, 1707337, 1291750, 1773005, 1983311, 1052588, 
1773005, 2457053, 2458715, 2527465, 1773005, 2446941, 1285963, 
781594, 2458715, 2585485, 1718969, 2527470, 2562643, 1837258, 
1191417, 1052588, 2637589, 1285963, 1153289, 2458715, 1718969, 
1773005, 2527470, 1718969, 1773005, 1726841, 1707337, 1773005, 
1718969, 1659956, 2527465, 2527470, 2695724, 1718969, 1326693, 
2823808, 1773005, 2458715, 781594, 1285963, 2527465, 1718969, 
2527465, 485848, 1773005, 1707337, 1219434, 2861009, 1748121, 
1773005, 2527465, 2527465, 2458715, 1193399, 1219434, 2861009, 
2695724, 1773005, 1773005, 2457053, 1219434, 2861009, 2457209, 
2292144, 1773005, 1773005, 2681631, 2527465, 1326693, 1773005, 
3014583, 2681631, 1773005, 1773005, 2135670, 2681631, 1773005, 
3014583, 2135670, 2637589, 238247, 2516066, 2135670, 3014583, 
2759375, 1659956, 1210823, 1659956, 2135670, 3014583, 3014583, 
2695724, 2124609, 3014583, 3014583, 3014583, 3014583, 1707337, 
1659956, 2135670, 2997850, 1153289, 3282926, 1153289, 2124609, 
1659956, 1080811, 1659956, 2135670, 1080811, 1991518, 1080811, 
330070, 3282926, 1659956, 2135670, 1659956, 1080811, 1718969, 
1718969, 1659956, 3334421, 1790866, 3014583, 3334421, 3383543, 
3366554, 3383543, 1707337, 1153289, 2045267, 1153289, 1790866, 
3043328, 1718969, 2861009, 2785060, 973419, 2527465, 485848, 
294429, 1219434, 2293070, 1647144, 1080811, 1718969, 2527465, 
1774707, 1718969, 1718969, 1095828, 3366940, 1718969, 3616024, 
2585485, 1766239, 2637589, 2363962, 1718969, 1372315, 1616241, 
3366940, 1372315, 2681631, 56155, 2293070, 1153289, 3682599, 
2527660, 2527465, 2681631, 2681631, 1718969, 2458715, 2527660, 
1153289, 18185, 780732, 294429, 1659956, 1718969, 1372315, 3538672, 
3116905, 795921, 1153289, 1285963, 3538672, 2527660, 2859079, 
2681631, 1659956, 3687410, 2681631, 3604583, 2139473, 2527660, 
3116905, 2637589, 3604583, 3518931, 2127416, 1659956, 3552335, 
2653604, 3282926, 1610216, 1659956, 2637589, 2527660, 3583348, 
3538672, 1718969, 1659956, 3764960, 2681631, 2293070, 1285963, 
1610216, 3557634, 2785060, 1560159, 1718969, 2707864, 2708621, 
1718969, 3583348, 2785060, 1766239, 1718969, 3514680, 1560159, 
1766239, 2527465, 3682599, 3116905, 3870437, 547239, 2527465, 
1875735, 1766239, 3891249, 5855688, 3269872, 906817, 768655, 
3060523, 5855688, 3983895, 1285963, 1327099, 1718969, 3983895, 
1052588, 1718969, 1285963, 3682599, 3983895, 2785060, 1080811, 
3334421, 3521734, 2457173, 1322382, 1774707, 2785060, 1774707, 
1718969, 1707337, 1080811, 4221315, 2346682, 1774707, 2124609, 
3682599, 1718969, 2785060, 1659956, 485848, 2520314, 1052588, 
2708621, 2707864, 1774707, 2835753, 2637589, 1550793, 5855688, 
3060523, 485848, 2599126, 3682599, 294429, 485848, 2124609, 1501635, 
1372315, 1550793, 1372315, 1894448, 3800745, 1550793, 1616241, 
2444848, 5855688, 176941, 294429, 3682599, 2637589, 2444848, 
1616241, 1372315, 2579888, 5855688, 2516066, 1616241, 4294978, 
1774707, 1372315, 1564139, 1894448, 2681631, 2444848, 1095828, 
1616241, 1616241, 4491666, 1781166, 3060523, 5855688, 2785060, 
2444848, 2681631, 1616241, 1372315, 1773005, 2135670, 2444848, 
3116905, 1372315, 3871206, 2135670, 3538672, 2681631, 2444848, 
1095828, 3014583, 1659956, 2135670, 1718969, 5855688, 3871206, 
1718969, 3686992, 1095828, 3014583, 4414310, 3277085, 1372315, 
3686992, 2681631, 4928641, 1616241, 1550793, 3258418, 1372315, 
1659956, 2653604, 3116905, 1647144, 1773005, 3014583, 1642042, 
3764960, 3258418, 1616241, 1372315, 1550793, 1814216, 3277085, 
3014583, 3014583, 2823808, 3014583, 1718969, 3277085, 1372315, 
3258418, 3014583, 1659956, 2653604, 3014583, 4536169, 2785060, 
1610216, 3682599, 3014583, 1718969, 3014583, 2444848, 2653604, 
485848, 1324576, 1616241, 1659956, 2444848, 2653604, 1659956, 
2444848, 2653604, 5287174, 2444848, 2653604, 5287174, 3014583, 
1616241, 1550793, 2785060, 1616241, 795921, 519148, 3985475, 
1774707, 2785060, 3014583, 2681631, 1659956, 3014583, 2681631, 
1372315, 1616241, 1718969, 2459789, 3538672, 2785060, 1718969, 
1616241, 4410958, 485848, 1718969, 795921, 1774707, 5036090, 
1616241, 2785060, 2135670, 3521734, 3014583, 3014583, 3014583, 
2135670, 2637589, 3538672, 1616241, 2785060, 5024467, 3682599, 
3014583, 4466045, 2785060, 1718969, 3116905, 3682599, 2527465, 
5720612, 2785060, 1659956, 2653604, 2444848, 2637589, 2444848, 
2293070, 3116905, 5640116, 3682599, 2653604, 1616241, 1659956, 
1616241, 1647144, 3014583, 3682599, 5797521, 1718969, 1616241, 
1718969, 3060523, 5855688, 4262268, 1647144, 5640116, 3514680, 
5494509, 3538672, 2653604, 1718969, 5720612, 2527465, 5720612, 
2527465, 5720612, 2527465, 2458715, 1616241, 2444848, 2444848, 
1616241, 4491666, 6309312, 5036090, 5036090, 485848, 294429, 
1718969, 5036090, 1766239, 1616241, 4460507, 3782643, 1920527, 
2632660, 1803556, 5036090, 3060523, 5855688, 5036090, 5036090, 
3538672, 2861009, 485848, 1981750, 294429, 2527465, 1610216, 
1372315, 6471730, 953213, 2444848, 1616241),