structure(list(Id = c(360424, 1191417, 1191417, 1191417, 1219101, 
1364403, 1173047, 360424, 1659956, 1173047, 1636526, 1659956, 
1721884, 1659956, 1721884, 1663110, 1659956, 1659956, 1659956, 
1659956, 1721884, 1659956, 1659956, 1659956, 1837258, 1191417, 
1837258, 1659956, 1659956, 1837258, 1659956, 1659956, 1659956, 
1659956, 1659956, 1659956, 1659956, 1659956, 2459789, 1650570, 
1707337, 1191417, 1837258, 1650570, 2358904, 1650570, 1659956, 
1659956, 2458715, 1191417, 1659956, 1837258, 1659956, 1191417, 
1837258, 2527465, 1663110, 2351183, 1650570, 2358904, 1983311, 
1707337, 2527465, 1707337, 1707337, 2527465, 2637932, 2527465, 
1707337, 2708682, 1837258, 2527465, 2681631, 2681631, 2527465, 
1707337, 2527465, 2527465, 2527465, 1837258, 2527465, 2527465, 
2527465, 1659956, 2527465, 1659956, 2527465, 2681631, 2527465, 
2527465, 1707337, 2681631, 1707337, 2527465, 2681631, 1659956, 
2527465, 2711556, 2457053, 2527465, 2527465, 2527465, 2527465, 
2527465, 2527465, 2817590, 1773005, 1659956, 2527465, 2527465, 
2681631, 2696944, 2681631, 2681631, 2527465, 2681631, 1659956, 
1659956, 1185626, 2527465, 1659956, 2681631, 2696944, 2708682, 
2708621, 2707864, 1185626, 1659956, 2527465, 1659956, 1659956, 
1659956, 1659956, 1659956, 1659956, 1659956, 1659956, 2997850, 
1659956, 1983311, 1659956, 1185626, 1659956, 3320706, 3320706, 
1659956, 1927579, 2997850, 3320706, 3320706, 1659956, 1659956, 
1659956, 3320706, 1659956, 1659956, 1659956, 1659956, 1659956, 
2859079, 2527465, 1659956, 3320706, 1659956, 2527465, 2527660, 
2527465, 1659956, 2527465, 1659956, 3449261, 2527660, 1659956, 
1659956, 2527465, 2997850, 1659956, 3767422, 2681631, 2711556, 
2585299, 2527465, 2527660, 1659956, 2527465, 2527660, 1659956, 
2527660, 2696944, 3449261, 2711556, 2527660, 1659956, 1659956, 
2127416, 3536117, 1659956, 2527660, 3578926, 2127416, 2527660, 
1659956, 2527660, 2681631, 2127416, 3583348, 3538672, 1659956, 
1659956, 3764960, 2681631, 1659956, 1659956, 1659956, 2681631, 
1659956, 1659956, 2681631, 3521734, 2527465, 2527465, 3320706, 
3538672, 1659956, 1659956, 1659956, 1659956, 1659956, 1659956, 
3417965, 1659956, 1659956, 1659956, 2681631, 4484857, 2681631, 
1659956, 1659956, 1659956, 2579888, 2527465, 1659956, 2681631, 
1659956, 3417965, 1659956, 3417965, 1659956, 1659956, 1659956, 
2603597, 1659956, 1659956, 1659956, 1659956, 1659956, 1659956, 
2653604, 1659956, 1659956, 1659956, 1659956, 2681631, 3552335, 
1659956, 2681631, 2681631, 5287174, 2527465, 2527465, 5287174, 
5402252, 1659956, 2681631, 2681631, 2681631, 1659956, 2681631, 
1659956, 2527465, 2527465, 2527465, 2696944, 2527465, 4410958, 
1659956, 2527465, 2527465, 1659956, 2458715, 5720612, 2527465, 
5494509, 4758149, 1659956, 2527465, 5720612, 1659956, 5644455, 
1659956, 1659956, 2527465, 2585485, 5720612, 4758149, 5494509, 
2527465, 5644455, 4758149, 5644455, 2527465, 5640116, 5720612, 
3552335, 3538672, 2527465, 1927579, 4075978), Name = structure(c(2L, 
44L, 44L, 44L, 22L, 18L, 48L, 2L, 7L, 48L, 3L, 7L, 49L, 7L, 49L, 
19L, 7L, 7L, 7L, 7L, 49L, 7L, 7L, 7L, 33L, 44L, 33L, 7L, 7L, 
33L, 7L, 7L, 7L, 7L, 7L, 7L, 7L, 7L, 1L, 55L, 23L, 44L, 33L, 
55L, 45L, 55L, 7L, 7L, 35L, 44L, 7L, 33L, 7L, 44L, 33L, 50L, 
19L, 49L, 55L, 45L, 20L, 23L, 50L, 23L, 23L, 50L, 49L, 50L, 23L, 
36L, 33L, 50L, 34L, 34L, 50L, 23L, 50L, 50L, 50L, 33L, 50L, 50L, 
50L, 7L, 50L, 7L, 50L, 34L, 50L, 50L, 23L, 34L, 23L, 50L, 34L, 
7L, 50L, 54L, 46L, 50L, 50L, 50L, 50L, 50L, 50L, 49L, 4L, 7L, 
50L, 50L, 34L, 31L, 34L, 34L, 50L, 34L, 7L, 7L, 24L, 50L, 7L, 
34L, 31L, 36L, 5L, 32L, 24L, 7L, 50L, 7L, 7L, 7L, 7L, 7L, 7L, 
7L, 7L, 27L, 7L, 20L, 7L, 24L, 7L, 9L, 9L, 7L, 13L, 27L, 9L, 
9L, 7L, 7L, 7L, 9L, 7L, 7L, 7L, 7L, 7L, 21L, 50L, 7L, 9L, 7L, 
50L, 43L, 50L, 7L, 50L, 7L, 8L, 43L, 7L, 7L, 50L, 27L, 7L, 17L, 
34L, 54L, 42L, 50L, 43L, 7L, 50L, 43L, 7L, 43L, 31L, 8L, 54L, 
43L, 7L, 7L, 15L, 47L, 7L, 43L, 38L, 15L, 43L, 7L, 43L, 34L, 
15L, 39L, 40L, 7L, 7L, 30L, 34L, 7L, 7L, 7L, 34L, 7L, 7L, 34L, 
28L, 50L, 50L, 9L, 40L, 7L, 7L, 7L, 7L, 7L, 7L, 8L, 7L, 7L, 7L, 
34L, 53L, 34L, 7L, 7L, 7L, 41L, 50L, 7L, 34L, 7L, 8L, 7L, 8L, 
7L, 7L, 7L, 10L, 7L, 7L, 7L, 7L, 7L, 7L, 16L, 7L, 7L, 7L, 7L, 
34L, 6L, 7L, 34L, 34L, 26L, 50L, 50L, 26L, 29L, 7L, 34L, 34L, 
34L, 7L, 34L, 7L, 50L, 50L, 50L, 31L, 50L, 51L, 7L, 50L, 50L, 
7L, 35L, 56L, 50L, 52L, 25L, 7L, 50L, 56L, 7L, 12L, 7L, 7L, 50L, 
37L, 56L, 25L, 52L, 50L, 12L, 25L, 12L, 50L, 14L, 56L, 6L, 40L, 
50L, 13L, 11L), .Label = c("<U+00c1>ngel Taioli", "Abdon Urbina", 
"adrian gutierrez", "Agn<U+00e8>s Verr<U+00fc>ckt", "Alejandro Pardo Rodriguez", 
"Alejandro Sosa ", "Alexander Veliz", "Amilcar Savelli", "Angel Dom<U+00ed>nguez Pinto", 
"Briseida Ascanio", "Carlos Tabares", "Carolina Brazon", "Cesar De Azevedo", 
"Coromoto Jaraba", "Cristian Josu<U+00e9> Hern<U+00e1>ndez", 
"Dex !", "Dimas Pineda", "Edisson Urgiles Silva", "Enrique Fermin", 
"Freddy Otero Fotografia", "Gilberto Azuaje", "Guero Agnostico", 
"Gunther Moreno", "harold kohn", "Hugo Papaterra", "Isai Blanco", 
"jean piero vargas manrique", "Jes<U+00fa>s Berm<U+00fa>dez", 
"Jes<U+00fa>s Gonz<U+00e1>lez", "jorge enrrique montilla romero", 
"Jorge Ibrahim", "Jorge Luis Pardo Rodriguez", "Jose Rivas", 
"Juan Gomez", "Karen Montoya Vidal", "Kevin Vegas", "Luiso Jipi", 
"Mailyn Pulido", "Manuel Davoin ", "Manuel Mijares", "Manuel Rojas", 
"Mar<U+00ed>a Del Pilar Maestre S<U+00e1>nchez", "mena carrasco", 
"Miguel Viamonte", "Nelson Becerra", "Nestor Delgado", "nilson ramos", 
"OTTO FUENTES", "Pedro Rodriguez", "Pedro Villarroel", "Ricardo Unibio", 
"Ronald Mora G8", "Tanque Rodriguez", "Ubaldo Dominguez", "Victor Guanchez", 
"Victoria Skwierinski"), class = "factor"), Gender = structure(c(3L, 
3L, 3L, 3L, 3L, 3L, 3L, 3L, 3L, 3L, 3L, 3L, 2L, 3L, 2L, 3L, 3L, 
3L, 3L, 3L, 2L, 3L, 3L, 3L, 3L, 3L, 3L, 3L, 3L, 3L, 3L, 3L, 3L, 
3L, 3L, 3L, 3L, 3L, 3L, 3L, 3L, 3L, 3L, 3L, 3L, 3L, 3L, 3L, 1L, 
3L, 3L, 3L, 3L, 3L, 3L, 3L, 3L, 3L, 3L, 3L, 3L, 3L, 3L, 3L, 3L, 
3L, 3L, 3L, 3L, 2L, 3L, 3L, 3L, 3L, 3L, 3L, 3L, 3L, 3L, 3L, 3L, 
3L, 3L, 3L, 3L, 3L, 3L, 3L, 3L, 3L, 3L, 3L, 3L, 3L, 3L, 3L, 3L, 
3L, 2L, 3L, 3L, 3L, 3L, 3L, 3L, 3L, 1L, 3L, 3L, 3L, 3L, 3L, 3L, 
3L, 3L, 3L, 3L, 3L, 3L, 3L, 3L, 3L, 3L, 2L, 3L, 3L, 3L, 3L, 3L, 
3L, 3L, 3L, 3L, 3L, 3L, 3L, 3L, 3L, 3L, 3L, 3L, 3L, 3L, 3L, 3L, 
3L, 3L, 3L, 3L, 3L, 3L, 3L, 3L, 3L, 3L, 3L, 3L, 3L, 3L, 3L, 3L, 
3L, 3L, 3L, 3L, 1L, 3L, 3L, 3L, 3L, 3L, 1L, 3L, 3L, 3L, 3L, 3L, 
3L, 3L, 3L, 1L, 3L, 1L, 3L, 3L, 1L, 3L, 1L, 3L, 3L, 3L, 1L, 3L, 
3L, 3L, 3L, 3L, 1L, 3L, 3L, 1L, 3L, 1L, 3L, 3L, 3L, 3L, 3L, 3L, 
3L, 3L, 3L, 3L, 3L, 3L, 3L, 3L, 3L, 3L, 3L, 3L, 3L, 3L, 3L, 3L, 
3L, 3L, 3L, 3L, 3L, 3L, 3L, 3L, 3L, 3L, 3L, 3L, 3L, 3L, 3L, 3L, 
3L, 3L, 3L, 3L, 3L, 3L, 3L, 3L, 3L, 1L, 3L, 3L, 3L, 3L, 3L, 3L, 
3L, 3L, 3L, 3L, 3L, 3L, 2L, 3L, 3L, 3L, 2L, 3L, 3L, 2L, 3L, 3L, 
3L, 3L, 3L, 3L, 3L, 3L, 3L, 3L, 3L, 3L, 3L, 3L, 3L, 3L, 3L, 3L, 
1L, 1L, 3L, 3L, 3L, 3L, 3L, 1L, 3L, 1L, 3L, 3L, 3L, 3L, 1L, 3L, 
3L, 3L, 1L, 3L, 1L, 3L, 1L, 1L, 2L, 3L, 3L, 3L, 3L), .Label = c("F", 
"I", "M"), class = "factor"),