structure(list(Id = c(299339, 1493147, 1493147, 182513, 3146800, 
1493147, 1027017, 1493147, 182513, 182513, 1493147, 683454, 1493147, 
1644784, 1103498, 3146800, 988537, 1441819, 1493147, 1645196, 
1100532, 1654941, 3146800, 798862, 798862, 2061590, 988537, 1790866, 
1493147, 1790866, 1790866, 798862, 163591, 760252, 1971561, 3146800, 
1659956, 1909672, 1806651, 2185387, 2055825, 1909672, 3146800, 
2304392, 1493147, 163591, 706891, 2185387, 2481840, 2603974, 
2185387, 163591, 2185387, 2185387, 2185387, 2185387, 1909672, 
1922823, 2489985, 2137491, 1875592, 2185387, 1790866, 1790866, 
2185387, 2185387, 2185387, 2185387, 2185387, 1493147, 2185387, 
1790866, 2539235, 1654829, 2489985, 2185387, 2579888, 752323, 
2185387, 2579888, 2579888, 752323, 2185387, 2599126, 2527465, 
2458715, 2527465, 2599126, 2585485, 973419, 2171656, 2185387, 
2171656, 2603597, 906817, 768655, 2207433, 2603597, 1493147, 
1064674, 2603597, 3785540, 2207433, 2185387, 3506671, 3882233, 
4874723, 5470994, 1723263, 2033105, 752323, 4463102, 3955646, 
5470994, 1690542, 3902239, 1616241, 2861009, 2207433, 3399824, 
6146967, 4377806, 4246641, 4533546, 3785540, 6235853, 4410958, 
1501635, 2888930, 2022374, 2861009), Name = structure(c(41L, 
21L, 21L, 38L, 20L, 21L, 27L, 21L, 38L, 38L, 21L, 67L, 21L, 28L, 
3L, 20L, 69L, 10L, 21L, 32L, 5L, 8L, 20L, 6L, 6L, 1L, 69L, 13L, 
21L, 13L, 13L, 6L, 29L, 25L, 23L, 20L, 4L, 40L, 64L, 24L, 35L, 
40L, 20L, 31L, 21L, 29L, 14L, 24L, 48L, 52L, 24L, 29L, 24L, 24L, 
24L, 24L, 40L, 30L, 2L, 66L, 36L, 24L, 13L, 13L, 24L, 24L, 24L, 
24L, 24L, 21L, 24L, 13L, 15L, 11L, 2L, 24L, 54L, 42L, 24L, 54L, 
54L, 42L, 24L, 50L, 59L, 47L, 59L, 50L, 53L, 45L, 49L, 24L, 49L, 
12L, 43L, 56L, 7L, 12L, 21L, 62L, 12L, 46L, 7L, 24L, 58L, 61L, 
55L, 39L, 60L, 37L, 42L, 26L, 9L, 39L, 33L, 44L, 17L, 16L, 7L, 
34L, 57L, 18L, 22L, 65L, 46L, 68L, 63L, 70L, 19L, 51L, 16L), .Label = c("Alberto Gimenez Roig", 
"Alejandro Lemmo G", "Alejandro Yanes", "Alexander Veliz", "Alfredo Armas", 
"Alvaro Cardenas", "Andres Kerese", "Angel DG", "Antonio Jose Rivas Rolas", 
"Braulio Jatar", "Brigido Ortega", "Briseida Ascanio", "CC Avila", 
"Christian Andres", "Christopher Lozada Pereda", "Diana Le<U+00f3>n", 
"Dj Juanko's Jc", "Edgar Orlando Portilla (El compadre)", "El Prof @evirjesus Zambrano", 
"Enier J.Cabrera", "Eugenio Gonzalez Herrera", "Felipe Le<U+00f3>n V.", 
"Gabriel Ocanto", "Gerardo Barrios", "Gerardo Guerra", "Gonzalo Bastida", 
"Gustavo Albornoz", "javier hernandez", "Javier Mazparrote", 
"Javier Mel<U+00e9>ndez", "Javier Poveda", "Javier Rodriguez Del Villar", 
"Jean Carlo Rojas", "Jessica Charles", "Jimmy Diaz", "Jonathan Quantip", 
"Joncan Cancillo", "jose angel  gonzalez", "Jose Arturo Rodriguez", 
"Jose Lopez", "Jose Miguel Hernandez", "Juan Alvarez", "Juan Carlos Arriaga", 
"Juan Carlos Borbon", "Junior Trujillo", "Jurgen Hernandez", 
"Karen Montoya Vidal", "leonardo betancourt", "Leonardo Colina", 
"Leydi Monterola", "Luis E Arocha P", "Luis Koves", "Luiso Jipi", 
"Manuel Rojas", "Marco Pereira", "Michel Stauffer", "Miguel Valls", 
"nidal barake", "Pedro Villarroel", "Rafael Rodriguez", "Rhamaryus V<U+00e1>squez", 
"Ricardo Mendez", "Ricardo Unibio", "Richard Fernandez", "Ronny Di Antonio", 
"Ryan Torrealba", "Tom<U+00e1>s Rodr<U+00ed>guez", "Ulises Rodriguez", 
"VICTOR MORALES", "Zacarias Aranguren"), class = "factor"), Gender = structure(c(3L, 
3L, 3L, 3L, 3L, 3L, 3L, 3L, 3L, 3L, 3L, 3L, 3L, 3L, 3L, 3L, 3L, 
2L, 3L, 3L, 3L, 3L, 3L, 3L, 3L, 3L, 3L, 3L, 3L, 3L, 3L, 3L, 3L, 
3L, 3L, 3L, 3L, 2L, 3L, 3L, 3L, 2L, 3L, 2L, 3L, 3L, 3L, 3L, 3L, 
3L, 3L, 3L, 3L, 3L, 3L, 3L, 2L, 3L, 3L, 3L, 3L, 3L, 3L, 3L, 3L, 
3L, 3L, 3L, 3L, 3L, 3L, 3L, 3L, 3L, 3L, 3L, 3L, 3L, 3L, 3L, 3L, 
3L, 3L, 1L, 3L, 1L, 3L, 1L, 3L, 3L, 3L, 3L, 3L, 1L, 3L, 3L, 3L, 
1L, 3L, 3L, 1L, 3L, 3L, 3L, 3L, 3L, 3L, 3L, 3L, 3L, 3L, 3L, 3L, 
3L, 3L, 3L, 3L, 1L, 3L, 1L, 3L, 3L, 3L, 3L, 3L, 3L, 3L, 3L, 3L, 
3L, 1L), .Label = c("F", "I", "M"), class = "factor"), Date = structure(c(1L, 
2L, 3L, 4L, 5L, 6L, 7L, 8L, 9L, 10L, 11L, 12L, 13L, 14L, 15L, 
16L, 17L, 18L, 21L, 22L, 23L, 24L, 25L, 26L, 27L, 28L, 29L, 30L, 
31L, 32L, 33L, 34L, 35L, 36L, 37L, 38L, 39L, 41L, 43L, 44L, 45L, 
46L, 47L, 48L, 49L, 50L, 51L, 52L, 53L, 54L, 55L, 56L, 57L, 58L, 
59L, 60L, 61L, 62L, 63L, 64L, 65L, 66L, 67L, 68L, 69L, 70L, 71L, 
73L, 74L, 75L, 76L, 77L, 78L, 79L, 80L, 81L, 82L, 83L, 84L, 85L, 
86L, 87L, 88L, 89L, 90L, 91L, 92L, 93L, 94L, 95L, 96L, 97L, 98L, 
99L, 100L, 101L, 102L, 103L, 104L, 105L, 106L, 107L, 108L, 109L, 
110L, 111L, 112L, 113L, 114L, 114L, 115L, 116L, 117L, 118L, 119L, 
120L, 121L, 122L, 123L, 124L, 125L, 126L, 127L, 128L, 129L, 130L, 
131L, 132L, 133L, 134L, 135L), .Label = c("2012-03-08T20:09:09Z", 
"2012-04-28T08:57:40Z", "2012-05-10T20:01:07Z", "2012-06-17T11:52:24Z", 
"2012-06-19T20:03:40Z", "2012-06-19T20:03:54Z", "2012-06-19T20:06:11Z", 
"2012-07-07T09:37:13Z", "2012-07-15T12:46:04Z", "2012-08-05T11:43:56Z", 
"2012-08-09T20:04:52Z", "2012-09-13T20:00:00Z", "2012-09-13T20:00:03Z", 
"2012-09-13T20:00:12Z", "2012-10-25T20:14:43Z", "2012-11-08T20:00:32Z", 
"2012-12-13T20:03:57Z", "2012-12-13T20:13:48Z", "2012-12-29T09:43:29Z", 
"2012-12-29T09:43:47Z", "2013-01-12T09:11:06Z", "2013-01-26T07:45:39Z", 
"2013-01-26T07:45:48Z", "2013-01-31T20:00:05Z", "2013-01-31T20:01:47Z", 
"2013-02-28T18:15:38Z", "2013-03-06T16:10:18Z", "2013-03-08T09:48:20Z", 
"2013-03-15T08:10:46Z", "2013-03-21T07:45:46Z", "2013-03-23T08:54:59Z", 
"2013-03-29T08:22:24Z", "2013-03-31T07:33:35Z", "2013-04-10T18:24:49Z", 
"2013-04-12T06:25:11Z", "2013-04-20T14:02:02Z", "2013-04-20T14:42:41Z", 
"2013-04-30T19:56:43Z", "2013-05-10T17:30:32Z", "2013-05-10T17:31:14Z", 
"2013-05-30T20:10:47Z", "2013-06-09T08:45:14Z", "2013-06-13T19:52:49Z", 
"2013-06-13T19:58:42Z", "2013-06-13T19:59:31Z", "2013-06-13T20:00:36Z", 
"2013-06-13T20:01:11Z", "2013-06-13T20:04:01Z", "2013-07-06T08:52:11Z", 
"2013-07-12T05:40:36Z", "2013-07-12T05:40:38Z", "2013-07-12T06:13:15Z", 
"2013-07-13T11:09:49Z", "2013-07-13T11:09:52Z", "2013-07-14T08:58:55Z", 
"2013-07-20T09:40:46Z", "2013-07-21T08:13:07Z", "2013-07-22T06:06:51Z", 
"2013-07-24T09:19:53Z", "2013-07-30T06:26:59Z", "2013-08-01T19:53:59Z", 
"2013-08-01T19:54:26Z", "2013-08-01T19:55:29Z", "2013-08-01T19:56:33Z", 
"2013-08-01T19:56:43Z", "2013-08-09T06:16:31Z", "2013-08-24T07:19:46Z", 
"2013-08-25T07:15:39Z", "2013-09-04T06:18:25Z", "2013-09-05T06:06:23Z", 
"2013-09-11T06:17:10Z", "2013-09-22T08:41:54Z", "2013-09-24T06:15:35Z", 
"2013-09-25T06:13:18Z", "2013-09-28T09:08:29Z", "2013-10-10T07:07:34Z", 
"2013-10-12T07:28:53Z", "2013-10-24T19:53:09Z", "2013-10-24T19:54:09Z", 
"2013-10-24T19:54:40Z", "2013-10-25T06:27:06Z", "2013-10-29T19:41:43Z", 
"2013-10-29T19:42:43Z", "2013-10-30T06:23:53Z", "2013-10-30T19:33:24Z", 
"2013-11-05T20:07:13Z", "2013-11-05T20:08:12Z", "2013-11-11T06:30:42Z", 
"2014-01-04T20:53:43Z", "2014-01-04T21:04:17Z", "2014-01-04T21:04:19Z", 
"2014-01-08T19:41:22Z", "2014-01-08T19:41:28Z", "2014-01-08T19:41:38Z", 
"2014-01-13T17:11:02Z", "2014-02-24T19:25:02Z", "2014-03-07T06:45:05Z", 
"2014-03-13T19:45:12Z", "2014-03-18T19:38:02Z", "2014-03-23T09:43:05Z", 
"2014-03-23T09:43:09Z", "2014-04-03T08:27:46Z", "2014-04-08T18:58:30Z", 
"2014-04-12T08:20:41Z", "2014-04-27T09:45:37Z", "2014-05-13T20:18:22Z", 
"2014-06-03T19:28:55Z", "2014-06-24T08:43:48Z", "2014-07-15T06:28:32Z", 
"2014-07-20T08:10:53Z", "2014-07-29T19:28:50Z", "2014-07-29T19:28:51Z", 
"2014-07-29T19:29:05Z", "2014-08-14T19:22:48Z", "2014-08-14T19:22:49Z", 
"2014-08-14T19:22:50Z", "2014-08-14T19:26:06Z", "2014-08-14T19:26:13Z", 
"2014-09-03T19:23:08Z", "2014-09-03T19:23:21Z", "2014-09-03T19:23:30Z", 
"2014-09-03T19:23:47Z", "2014-09-07T08:27:50Z", "2014-09-11T19:24:58Z", 
"2014-09-11T19:25:39Z", "2014-09-11T19:26:16Z", "2014-09-11T19:26:19Z", 
"2014-09-11T19:26:29Z", "2014-09-11T19:27:45Z", "2014-09-11T19:29:00Z", 
"2014-09-18T06:16:05Z", "2014-09-18T06:16:09Z", "2014-09-24T19:24:28Z", 
"2014-09-24T19:25:51Z", "2014-09-24T19:25:55Z"), class = "factor"),